137.9654043 27.54580806 57.323 21.8679 
137.9654043 27.54580806 158.934 20.5102 
137.9654043 27.54580806 260.595 18.0056 
137.9654043 27.54580806 362.306 16.2028 
137.9654043 27.54580806 464.067 13.3088 
137.9654043 27.54580806 565.877 10.3384 
137.9654043 27.54580806 667.737 8.0438 
137.9654043 27.54580806 769.647 5.8363 
137.9654043 27.54580806 871.606 5.0594 
137.9654043 27.54580806 973.614 4.5182 
137.9654043 27.54580806 1075.672 4.1553 
137.9654043 27.54580806 1177.779 4.0715 
136.897 26.79103333 63.358 21.7327 
136.897 26.79103333 164.972 20.3934 
136.897 26.79103333 266.636 17.5784 
136.897 26.79103333 368.35 14.3158 
136.897 26.79103333 470.113 11.3579 
136.897 26.79103333 571.927 8.6543 
136.897 26.79103333 673.79 6.6318 
136.897 26.79103333 775.702 5.4175 
136.897 26.79103333 877.664 4.7231 
136.897 26.79103333 979.676 4.4362 
136.8963333 26.79021167 66.375 21.0441 
136.8963333 26.79021167 167.991 20.2211 
136.8963333 26.79021167 269.656 17.691 
136.8963333 26.79021167 371.372 14.8322 
136.8963333 26.79021167 473.137 11.6703 
136.8963333 26.79021167 574.952 8.9229 
136.8963333 26.79021167 676.816 6.5581 
136.8963333 26.79021167 778.73 5.6828 
136.8963333 26.79021167 880.693 5.262 
136.8963333 26.79021167 982.706 4.6595 
135.8967 25.7919 67.381 21.0271 
135.8967 25.7919 168.997 19.7367 
135.8967 25.7919 270.663 17.7027 
135.8967 25.7919 372.379 14.4945 
135.8967 25.7919 474.145 11.3599 
135.8967 25.7919 575.96 8.6068 
135.8967 25.7919 677.825 6.5446 
135.8967 25.7919 779.739 5.6075 
135.8967 25.7919 881.703 4.9924 
135.8967 25.7919 983.717 4.6343 
134.8967 27.7949 67.381 20.8571 
134.8967 27.7949 168.997 19.9257 
134.8967 27.7949 270.663 16.5806 
134.8967 27.7949 372.379 13.7727 
134.8967 27.7949 474.145 10.6703 
134.8967 27.7949 575.96 8.2333 
134.8967 27.7949 677.825 6.333 
134.8967 27.7949 779.739 5.3825 
134.8967 27.7949 881.703 4.8737 
134.8967 27.7949 983.717 4.7258 
126.8966533 25.79809 62.352 21.2992 
126.8966533 25.79809 163.965 19.9719 
126.8966533 25.79809 265.629 16.9841 
126.8966533 25.79809 367.342 13.9724 
126.8966533 25.79809 469.106 10.9937 
126.8966533 25.79809 570.918 8.7641 
126.8966533 25.79809 672.781 7.0239 
126.8966533 25.79809 774.693 5.3306 
126.8966533 25.79809 876.654 4.6558 
126.8966533 25.79809 978.665 4.353 
133.8966383 27.80114333 60.34 21.5081 
133.8966383 27.80114333 161.953 20.1149 
133.8966383 27.80114333 263.615 17.6067 
133.8966383 27.80114333 365.328 14.6188 
133.8966383 27.80114333 467.09 11.271 
133.8966383 27.80114333 568.902 8.6069 
133.8966383 27.80114333 670.763 7.0822 
133.8966383 27.80114333 772.674 5.9066 
133.8966383 27.80114333 874.635 5.0951 
133.8966383 27.80114333 976.645 4.7445 
126.8976539 27.79094222 58.329 22.11 
126.8976539 27.79094222 159.94 19.9258 
126.8976539 27.79094222 261.602 17.4264 
126.8976539 27.79094222 363.313 14.4961 
126.8976539 27.79094222 465.074 11.4234 
126.8976539 27.79094222 566.885 8.4006 
126.8976539 27.79094222 668.746 7.1988 
126.8976539 27.79094222 770.656 5.6389 
126.8976539 27.79094222 872.615 4.9001 
126.8976539 27.79094222 974.624 4.608 
132.9006739 27.79096167 67.381 21.9147 
132.9006739 27.79096167 168.997 19.6106 
132.9006739 27.79096167 270.663 16.5658 
132.9006739 27.79096167 372.379 14.1985 
132.9006739 27.79096167 474.145 11.1845 
132.9006739 27.79096167 575.96 8.3015 
132.9006739 27.79096167 677.825 6.4577 
132.9006739 27.79096167 779.739 5.4631 
132.9006739 27.79096167 881.703 5.0227 
132.9006739 27.79096167 983.717 4.4941 
126.9036556 24.79096639 53.3 22.2848 
126.9036556 24.79096639 154.909 19.8339 
126.9036556 24.79096639 256.568 16.7247 
126.9036556 24.79096639 358.277 14.0774 
126.9036556 24.79096639 460.036 11.1548 
126.9036556 24.79096639 561.844 8.2709 
126.9036556 24.79096639 663.702 6.3052 
126.9036556 24.79096639 765.61 5.2096 
126.9036556 24.79096639 867.567 4.785 
126.9036556 24.79096639 969.573 4.4535 
131.9066736 27.79095833 60.34 22.5364 
131.9066736 27.79095833 161.953 19.7863 
131.9066736 27.79095833 263.615 16.4814 
131.9066736 27.79095833 365.328 13.8196 
131.9066736 27.79095833 467.09 11.2051 
131.9066736 27.79095833 568.902 8.277 
131.9066736 27.79095833 670.763 6.8198 
131.9066736 27.79095833 772.674 5.6871 
131.9066736 27.79095833 874.635 4.7924 
131.9066736 27.79095833 976.645 4.4279 
130.8967 27.7889 64.364 22.776 
130.8967 27.7889 165.978 20.27 
130.8967 27.7889 267.643 17.4209 
130.8967 27.7889 369.357 14.4273 
130.8967 27.7889 471.121 11.5426 
130.8967 27.7889 572.935 8.4459 
130.8967 27.7889 674.798 6.6888 
130.8967 27.7889 776.711 5.5328 
130.8967 27.7889 878.674 4.9305 
130.8967 27.7889 980.686 4.3787 
126.8917061 27.79845306 65.369 22.7009 
126.8917061 27.79845306 166.985 19.8898 
126.8917061 27.79845306 268.649 17.3424 
126.8917061 27.79845306 370.364 14.2578 
126.8917061 27.79845306 472.129 11.2412 
126.8917061 27.79845306 573.943 8.2907 
126.8917061 27.79845306 675.807 6.9922 
126.8917061 27.79845306 777.721 5.7198 
126.8917061 27.79845306 879.684 4.9141 
129.9688115 22.54596983 66.375 21.6942 
129.9688115 22.54596983 167.991 19.6905 
129.9688115 22.54596983 269.656 17.5853 
129.9688115 22.54596983 371.372 14.9191 
129.9688115 22.54596983 473.137 11.9109 
129.9688115 22.54596983 574.952 9.1448 
129.9688115 22.54596983 676.816 6.679 
129.9688115 22.54596983 778.73 5.2878 
129.9688115 22.54596983 880.694 4.763 
129.9688115 22.54596983 982.706 4.3626 
129.9688115 22.54596983 1084.769 4.1487 
129.9688115 22.54596983 1186.88 3.9996 
126.9687947 27.54997389 63.358 22.3781 
126.9687947 27.54997389 164.972 20.0158 
126.9687947 27.54997389 266.636 17.5936 
126.9687947 27.54997389 368.35 14.9522 
126.9687947 27.54997389 470.113 12.0157 
126.9687947 27.54997389 571.927 9.791 
126.9687947 27.54997389 673.79 7.1619 
126.9687947 27.54997389 775.702 5.4645 
126.9687947 27.54997389 877.664 4.8569 
126.9687947 27.54997389 979.676 4.4033 
126.9687947 27.54997389 1081.736 4.1636 
126.9687947 27.54997389 1183.846 3.9908 
126.9687947 27.54997389 1286.005 3.8871 
128.9687447 21.55414889 87.499 21.3056 
128.9687447 21.55414889 189.125 19.0455 
128.9687447 21.55414889 290.801 17.0102 
128.9687447 21.55414889 392.527 14.3566 
128.9687447 21.55414889 494.302 11.5897 
128.9687447 21.55414889 596.127 8.7428 
128.9687447 21.55414889 698.002 6.4051 
128.9687447 21.55414889 799.926 5.2285 
128.9687447 21.55414889 901.9 4.8338 
128.9687447 21.55414889 1003.923 4.3814 
128.9687447 21.55414889 1105.996 4.0641 
128.9687447 21.55414889 1208.117 3.9513 
128.9687447 21.55414889 1310.288 3.8816 
127.9688494 27.55958972 64.364 22.5839 
127.9688494 27.55958972 165.978 19.9377 
127.9688494 27.55958972 267.643 17.4809 
127.9688494 27.55958972 369.357 15.2543 
127.9688494 27.55958972 471.121 11.9557 
127.9688494 27.55958972 572.935 9.3507 
127.9688494 27.55958972 674.799 7.2229 
127.9688494 27.55958972 776.711 5.4536 
127.9688494 27.55958972 878.674 4.7929 
127.9688494 27.55958972 980.686 4.3737 
127.9688494 27.55958972 1082.747 4.1401 
127.9688494 27.55958972 1184.857 3.9823 
127.9688494 27.55958972 1287.017 3.9148 
127.9688494 27.55958972 1389.226 3.8827 
126.9688067 20.56498361 65.369 22.3172 
126.9688067 20.56498361 166.984 19.5394 
126.9688067 20.56498361 268.65 17.3625 
126.9688067 20.56498361 370.364 15.1467 
126.9688067 20.56498361 472.129 12.0108 
126.9688067 20.56498361 573.943 9.3324 
126.9688067 20.56498361 675.807 6.7982 
126.9688067 20.56498361 777.721 5.4427 
126.9688067 20.56498361 879.684 4.8589 
126.9688067 20.56498361 981.696 4.3715 
126.9688067 20.56498361 1083.758 4.0766 
126.9688067 20.56498361 1185.869 3.9684 
126.9688067 20.56498361 1288.029 3.904 
126.9688067 20.56498361 1390.238 3.8735 
126.9688067 20.56498361 1492.496 3.8131 
130.9654043 27.54580806 57.323 21.8679 
130.9654043 27.54580806 158.934 20.5102 
130.9654043 27.54580806 260.595 18.0056 
130.9654043 27.54580806 362.306 16.2028 
130.9654043 27.54580806 464.067 13.3088 
130.9654043 27.54580806 565.877 10.3384 
130.9654043 27.54580806 667.737 8.0438 
130.9654043 27.54580806 769.647 5.8363 
130.9654043 27.54580806 871.606 5.0594 
130.9654043 27.54580806 973.614 4.5182 
130.9654043 27.54580806 1075.672 4.1553 
130.9654043 27.54580806 1177.779 4.0715 
131.897 26.79103333 63.358 21.7327 
131.897 26.79103333 164.972 20.3934 
131.897 26.79103333 266.636 17.5784 
131.897 26.79103333 368.35 14.3158 
131.897 26.79103333 470.113 11.3579 
131.897 26.79103333 571.927 8.6543 
131.897 26.79103333 673.79 6.6318 
131.897 26.79103333 775.702 5.4175 
131.897 26.79103333 877.664 4.7231 
131.897 26.79103333 979.676 4.4362 
132.8963333 28.79021167 66.375 21.0441 
132.8963333 28.79021167 167.991 20.2211 
132.8963333 28.79021167 269.656 17.691 
132.8963333 28.79021167 371.372 14.8322 
132.8963333 28.79021167 473.137 11.6703 
132.8963333 28.79021167 574.952 8.9229 
132.8963333 28.79021167 676.816 6.5581 
132.8963333 28.79021167 778.73 5.6828 
132.8963333 28.79021167 880.693 5.262 
132.8963333 28.79021167 982.706 4.6595 
133.8967 25.7919 67.381 21.0271 
133.8967 25.7919 168.997 19.7367 
133.8967 25.7919 270.663 17.7027 
133.8967 25.7919 372.379 14.4945 
133.8967 25.7919 474.145 11.3599 
133.8967 25.7919 575.96 8.6068 
133.8967 25.7919 677.825 6.5446 
133.8967 25.7919 779.739 5.6075 
133.8967 25.7919 881.703 4.9924 
133.8967 25.7919 983.717 4.6343 
134.8967 27.7949 67.381 20.8571 
134.8967 27.7949 168.997 19.9257 
134.8967 27.7949 270.663 16.5806 
134.8967 27.7949 372.379 13.7727 
134.8967 27.7949 474.145 10.6703 
134.8967 27.7949 575.96 8.2333 
134.8967 27.7949 677.825 6.333 
134.8967 27.7949 779.739 5.3825 
134.8967 27.7949 881.703 4.8737 
134.8967 27.7949 983.717 4.7258 
121.8966533 25.79809 62.352 21.2992 
121.8966533 25.79809 163.965 19.9719 
121.8966533 25.79809 265.629 16.9841 
121.8966533 25.79809 367.342 13.9724 
121.8966533 25.79809 469.106 10.9937 
121.8966533 25.79809 570.918 8.7641 
121.8966533 25.79809 672.781 7.0239 
121.8966533 25.79809 774.693 5.3306 
121.8966533 25.79809 876.654 4.6558 
121.8966533 25.79809 978.665 4.353 
136.8966383 27.80114333 60.34 21.5081 
136.8966383 27.80114333 161.953 20.1149 
136.8966383 27.80114333 263.615 17.6067 
136.8966383 27.80114333 365.328 14.6188 
136.8966383 27.80114333 467.09 11.271 
136.8966383 27.80114333 568.902 8.6069 
136.8966383 27.80114333 670.763 7.0822 
136.8966383 27.80114333 772.674 5.9066 
136.8966383 27.80114333 874.635 5.0951 
136.8966383 27.80114333 976.645 4.7445 
122.8976539 21.79094222 58.329 22.11 
122.8976539 21.79094222 159.94 19.9258 
122.8976539 21.79094222 261.602 17.4264 
122.8976539 21.79094222 363.313 14.4961 
122.8976539 21.79094222 465.074 11.4234 
122.8976539 21.79094222 566.885 8.4006 
122.8976539 21.79094222 668.746 7.1988 
122.8976539 21.79094222 770.656 5.6389 
122.8976539 21.79094222 872.615 4.9001 
122.8976539 21.79094222 974.624 4.608 
132.9006739 22.79096167 67.381 21.9147 
132.9006739 22.79096167 168.997 19.6106 
132.9006739 22.79096167 270.663 16.5658 
132.9006739 22.79096167 372.379 14.1985 
132.9006739 22.79096167 474.145 11.1845 
132.9006739 22.79096167 575.96 8.3015 
132.9006739 22.79096167 677.825 6.4577 
132.9006739 22.79096167 779.739 5.4631 
132.9006739 22.79096167 881.703 5.0227 
132.9006739 22.79096167 983.717 4.4941 
124.9036556 24.79096639 53.3 22.2848 
124.9036556 24.79096639 154.909 19.8339 
124.9036556 24.79096639 256.568 16.7247 
124.9036556 24.79096639 358.277 14.0774 
124.9036556 24.79096639 460.036 11.1548 
124.9036556 24.79096639 561.844 8.2709 
124.9036556 24.79096639 663.702 6.3052 
124.9036556 24.79096639 765.61 5.2096 
124.9036556 24.79096639 867.567 4.785 
124.9036556 24.79096639 969.573 4.4535 
137.9066736 23.79095833 60.34 22.5364 
137.9066736 23.79095833 161.953 19.7863 
137.9066736 23.79095833 263.615 16.4814 
137.9066736 23.79095833 365.328 13.8196 
137.9066736 23.79095833 467.09 11.2051 
137.9066736 23.79095833 568.902 8.277 
137.9066736 23.79095833 670.763 6.8198 
137.9066736 23.79095833 772.674 5.6871 
137.9066736 23.79095833 874.635 4.7924 
137.9066736 23.79095833 976.645 4.4279 
130.8967 25.7889 64.364 22.776 
130.8967 25.7889 165.978 20.27 
130.8967 25.7889 267.643 17.4209 
130.8967 25.7889 369.357 14.4273 
130.8967 25.7889 471.121 11.5426 
130.8967 25.7889 572.935 8.4459 
130.8967 25.7889 674.798 6.6888 
130.8967 25.7889 776.711 5.5328 
130.8967 25.7889 878.674 4.9305 
130.8967 25.7889 980.686 4.3787 
125.8917061 27.79845306 65.369 22.7009 
125.8917061 27.79845306 166.985 19.8898 
125.8917061 27.79845306 268.649 17.3424 
125.8917061 27.79845306 370.364 14.2578 
125.8917061 27.79845306 472.129 11.2412 
125.8917061 27.79845306 573.943 8.2907 
125.8917061 27.79845306 675.807 6.9922 
125.8917061 27.79845306 777.721 5.7198 
125.8917061 27.79845306 879.684 4.9141 
129.9688115 22.54596983 66.375 21.6942 
129.9688115 22.54596983 167.991 19.6905 
129.9688115 22.54596983 269.656 17.5853 
129.9688115 22.54596983 371.372 14.9191 
129.9688115 22.54596983 473.137 11.9109 
129.9688115 22.54596983 574.952 9.1448 
129.9688115 22.54596983 676.816 6.679 
129.9688115 22.54596983 778.73 5.2878 
129.9688115 22.54596983 880.694 4.763 
129.9688115 22.54596983 982.706 4.3626 
129.9688115 22.54596983 1084.769 4.1487 
129.9688115 22.54596983 1186.88 3.9996 
126.9687947 27.54997389 63.358 22.3781 
126.9687947 27.54997389 164.972 20.0158 
126.9687947 27.54997389 266.636 17.5936 
126.9687947 27.54997389 368.35 14.9522 
126.9687947 27.54997389 470.113 12.0157 
126.9687947 27.54997389 571.927 9.791 
126.9687947 27.54997389 673.79 7.1619 
126.9687947 27.54997389 775.702 5.4645 
126.9687947 27.54997389 877.664 4.8569 
126.9687947 27.54997389 979.676 4.4033 
126.9687947 27.54997389 1081.736 4.1636 
126.9687947 27.54997389 1183.846 3.9908 
126.9687947 27.54997389 1286.005 3.8871 
128.9687447 21.55414889 87.499 21.3056 
128.9687447 21.55414889 189.125 19.0455 
128.9687447 21.55414889 290.801 17.0102 
128.9687447 21.55414889 392.527 14.3566 
128.9687447 21.55414889 494.302 11.5897 
128.9687447 21.55414889 596.127 8.7428 
128.9687447 21.55414889 698.002 6.4051 
128.9687447 21.55414889 799.926 5.2285 
128.9687447 21.55414889 901.9 4.8338 
128.9687447 21.55414889 1003.923 4.3814 
128.9687447 21.55414889 1105.996 4.0641 
128.9687447 21.55414889 1208.117 3.9513 
128.9687447 21.55414889 1310.288 3.8816 
127.9688494 26.55958972 64.364 22.5839 
127.9688494 26.55958972 165.978 19.9377 
127.9688494 26.55958972 267.643 17.4809 
127.9688494 26.55958972 369.357 15.2543 
127.9688494 26.55958972 471.121 11.9557 
127.9688494 26.55958972 572.935 9.3507 
127.9688494 26.55958972 674.799 7.2229 
127.9688494 26.55958972 776.711 5.4536 
127.9688494 26.55958972 878.674 4.7929 
127.9688494 26.55958972 980.686 4.3737 
127.9688494 26.55958972 1082.747 4.1401 
127.9688494 26.55958972 1184.857 3.9823 
127.9688494 26.55958972 1287.017 3.9148 
127.9688494 26.55958972 1389.226 3.8827 
126.9688067 20.56498361 65.369 22.3172 
126.9688067 20.56498361 166.984 19.5394 
126.9688067 20.56498361 268.65 17.3625 
126.9688067 20.56498361 370.364 15.1467 
126.9688067 20.56498361 472.129 12.0108 
126.9688067 20.56498361 573.943 9.3324 
126.9688067 20.56498361 675.807 6.7982 
126.9688067 20.56498361 777.721 5.4427 
126.9688067 20.56498361 879.684 4.8589 
126.9688067 20.56498361 981.696 4.3715 
126.9688067 20.56498361 1083.758 4.0766 
126.9688067 20.56498361 1185.869 3.9684 
126.9688067 20.56498361 1288.029 3.904 
126.9688067 20.56498361 1390.238 3.8735 
126.9688067 20.56498361 1492.496 3.8131 
